5379 4678 4652 4649 3807
3017 2872 2586 2411 2227
2225 2193 2105 1945 1915
1912 1886 1793 1790 1750
1740 1457 1457 1429 1406
1387 1375 1280 1272 1268
1216 1196 1185 1162 1160
1147 1146 1121 1113 1112
1096 1091 1082 1028 1006
1006 984 982 971 968
964 935 927 926 920
908 904 894 891 890
889 875 864 857 854
854 854 853 852 850
849 824 812 811 808
807 806 804 801 798
791 781 779 775 770
768 765 763 741 740
734 733 723 719 717
693 691 690 676 676
669 664 663 651 650
631 628 627 615 615
608 603 600 597 596
592 588 584 583 581
581 581 579 579 576
574 566 563 563 558
557 557 557 555 554
554 551 551 550 548
542 538 533 525 525
524 524 524 516 511
510 501 494 494 489
487 487 487 483 482
479 478 476 474 470
469 468 464 462 460
460 459 458 453 452
449 447 447 447 446
438 436 436 436 435
435 432 429 426 423
422 422 416 409 408
402 402 397 395 395
